cargas = [...
	20 220 0.87; ...
	30 130 0.95; ...
	40 170 0.98; ...
	];
