%<Barra de carga><P trifásico [kW]><cosfi (indutivo)>
cargas = [020 149 0.89
030 133 0.93
040 145 0.92
050 145 0.93
060 142 0.91
070 138 0.92
080 151 0.93
090 147 0.92
100 136 0.92
110 143 0.90
120 142 0.93
130 139 0.94
140 147 0.91
150 138 0.92
160 143 0.93
170 136 0.93
180 161 0.93
190 150 0.91
200 134 0.92
210 139 0.90
220 122 0.93
230 131 0.95
240 113 0.93
250 140 0.91
260 145 0.91
270 150 0.92
280 120 0.89
290 137 0.93
300 142 0.92
310 148 0.90
320 157 0.91
330 140 0.92
340 142 0.89
350 158 0.93
];