%<Barra de carga><P trifásico [kW]><cosfi (indutivo)>
cargas = [020 125 0.91
030 144 0.91
040 125 0.91
050 150 0.92
060 142 0.93
070 150 0.91
080 119 0.90
090 151 0.93
100 123 0.91
110 139 0.92
120 139 0.91
130 153 0.91
140 129 0.89
150 125 0.96
160 133 0.94
170 134 0.93
180 133 0.91
190 144 0.92
200 148 0.91
210 147 0.91
220 150 0.93
230 144 0.91
240 120 0.91
250 141 0.90
260 146 0.94
270 134 0.92
280 128 0.92
290 129 0.93
300 149 0.92
310 137 0.94
320 114 0.92
330 148 0.92
340 156 0.91
350 141 0.94
];