topologia = [...
	10 20  50 0.1830856/1000 0.8662534/1000 0 0 0 0 0 0 0.1830856/1000 0.8662534/1000 0 0 0 0 0 0 0.1830856/1000 0.8662534/1000; ...
	20 30 150 0.2241236/1000 0.9144412/1000 0 0 0 0 0 0 0.2241236/1000 0.9144412/1000 0 0 0 0 0 0 0.2241236/1000 0.9144412/1000; ...
	20 40  80 0.2154789/1000 0.7567231/1000 0 0 0 0 0 0 0.2154789/1000 0.7567231/1000 0 0 0 0 0 0 0.2154789/1000 0.7567231/1000; ...
	];
