%<Barra pai><Barra filho><Comprimento [m]><Raa ohms/m><Xaa ohms/m><Rab ohms/m><Xab ohms/m><Rac ohms/m><Xac ohms/m><Rba ohms/m><Xba ohms/m><Rbb ohms/m><Xbb ohms/m><Rbc ohms/m><Xbc ohms/m><Rca ohms/m><Xca ohms/m><Rcb ohms/m><Xcb ohms/m><Rcc ohms/m><Xcc ohms/m>
topologia = [
010 020 203 0.000183085600 0.000866253400 0.000111027900 0.000388197400 0.000109048400 0.000336728000 0.000111027900 0.000388197400 0.000186391400 0.000864739200 0.000111027900 0.000388197400 0.000109048400 0.000336728000 0.000111027900 0.000388197400 0.000183085600 0.000866253400
020 030 197 0.000183085600 0.000866253400 0.000111027900 0.000388197400 0.000109048400 0.000336728000 0.000111027900 0.000388197400 0.000186391400 0.000864739200 0.000111027900 0.000388197400 0.000109048400 0.000336728000 0.000111027900 0.000388197400 0.000183085600 0.000866253400
030 040 198 0.000183085600 0.000866253400 0.000111027900 0.000388197400 0.000109048400 0.000336728000 0.000111027900 0.000388197400 0.000186391400 0.000864739200 0.000111027900 0.000388197400 0.000109048400 0.000336728000 0.000111027900 0.000388197400 0.000183085600 0.000866253400
040 050 201 0.000183085600 0.000866253400 0.000111027900 0.000388197400 0.000109048400 0.000336728000 0.000111027900 0.000388197400 0.000186391400 0.000864739200 0.000111027900 0.000388197400 0.000109048400 0.000336728000 0.000111027900 0.000388197400 0.000183085600 0.000866253400
050 060 207 0.000183085600 0.000866253400 0.000111027900 0.000388197400 0.000109048400 0.000336728000 0.000111027900 0.000388197400 0.000186391400 0.000864739200 0.000111027900 0.000388197400 0.000109048400 0.000336728000 0.000111027900 0.000388197400 0.000183085600 0.000866253400
060 070 219 0.000183085600 0.000866253400 0.000111027900 0.000388197400 0.000109048400 0.000336728000 0.000111027900 0.000388197400 0.000186391400 0.000864739200 0.000111027900 0.000388197400 0.000109048400 0.000336728000 0.000111027900 0.000388197400 0.000183085600 0.000866253400
070 270 209 0.000183085600 0.000866253400 0.000111027900 0.000388197400 0.000109048400 0.000336728000 0.000111027900 0.000388197400 0.000186391400 0.000864739200 0.000111027900 0.000388197400 0.000109048400 0.000336728000 0.000111027900 0.000388197400 0.000183085600 0.000866253400
270 280 196 0.000183085600 0.000866253400 0.000111027900 0.000388197400 0.000109048400 0.000336728000 0.000111027900 0.000388197400 0.000186391400 0.000864739200 0.000111027900 0.000388197400 0.000109048400 0.000336728000 0.000111027900 0.000388197400 0.000183085600 0.000866253400
280 300 209 0.000183085600 0.000866253400 0.000111027900 0.000388197400 0.000109048400 0.000336728000 0.000111027900 0.000388197400 0.000186391400 0.000864739200 0.000111027900 0.000388197400 0.000109048400 0.000336728000 0.000111027900 0.000388197400 0.000183085600 0.000866253400
300 320 196 0.000183085600 0.000866253400 0.000111027900 0.000388197400 0.000109048400 0.000336728000 0.000111027900 0.000388197400 0.000186391400 0.000864739200 0.000111027900 0.000388197400 0.000109048400 0.000336728000 0.000111027900 0.000388197400 0.000183085600 0.000866253400
030 350 173 0.000210548440 0.000996191410 0.000127682085 0.000446427010 0.000125405660 0.000387237200 0.000127682085 0.000446427010 0.000214350110 0.000994450080 0.000127682085 0.000446427010 0.000125405660 0.000387237200 0.000127682085 0.000446427010 0.000210548440 0.000996191410
350 080 165 0.000210548440 0.000996191410 0.000127682085 0.000446427010 0.000125405660 0.000387237200 0.000127682085 0.000446427010 0.000214350110 0.000994450080 0.000127682085 0.000446427010 0.000125405660 0.000387237200 0.000127682085 0.000446427010 0.000210548440 0.000996191410
350 090 174 0.000210548440 0.000996191410 0.000127682085 0.000446427010 0.000125405660 0.000387237200 0.000127682085 0.000446427010 0.000214350110 0.000994450080 0.000127682085 0.000446427010 0.000125405660 0.000387237200 0.000127682085 0.000446427010 0.000210548440 0.000996191410
350 100 196 0.000210548440 0.000996191410 0.000127682085 0.000446427010 0.000125405660 0.000387237200 0.000127682085 0.000446427010 0.000214350110 0.000994450080 0.000127682085 0.000446427010 0.000125405660 0.000387237200 0.000127682085 0.000446427010 0.000210548440 0.000996191410
040 130 191 0.000210548440 0.000996191410 0.000127682085 0.000446427010 0.000125405660 0.000387237200 0.000127682085 0.000446427010 0.000214350110 0.000994450080 0.000127682085 0.000446427010 0.000125405660 0.000387237200 0.000127682085 0.000446427010 0.000210548440 0.000996191410
050 190 189 0.000210548440 0.000996191410 0.000127682085 0.000446427010 0.000125405660 0.000387237200 0.000127682085 0.000446427010 0.000214350110 0.000994450080 0.000127682085 0.000446427010 0.000125405660 0.000387237200 0.000127682085 0.000446427010 0.000210548440 0.000996191410
190 200 201 0.000210548440 0.000996191410 0.000127682085 0.000446427010 0.000125405660 0.000387237200 0.000127682085 0.000446427010 0.000214350110 0.000994450080 0.000127682085 0.000446427010 0.000125405660 0.000387237200 0.000127682085 0.000446427010 0.000210548440 0.000996191410
190 210 190 0.000210548440 0.000996191410 0.000127682085 0.000446427010 0.000125405660 0.000387237200 0.000127682085 0.000446427010 0.000214350110 0.000994450080 0.000127682085 0.000446427010 0.000125405660 0.000387237200 0.000127682085 0.000446427010 0.000210548440 0.000996191410
210 220 191 0.000210548440 0.000996191410 0.000127682085 0.000446427010 0.000125405660 0.000387237200 0.000127682085 0.000446427010 0.000214350110 0.000994450080 0.000127682085 0.000446427010 0.000125405660 0.000387237200 0.000127682085 0.000446427010 0.000210548440 0.000996191410
210 230 209 0.000210548440 0.000996191410 0.000127682085 0.000446427010 0.000125405660 0.000387237200 0.000127682085 0.000446427010 0.000214350110 0.000994450080 0.000127682085 0.000446427010 0.000125405660 0.000387237200 0.000127682085 0.000446427010 0.000210548440 0.000996191410
230 240 212 0.000210548440 0.000996191410 0.000127682085 0.000446427010 0.000125405660 0.000387237200 0.000127682085 0.000446427010 0.000214350110 0.000994450080 0.000127682085 0.000446427010 0.000125405660 0.000387237200 0.000127682085 0.000446427010 0.000210548440 0.000996191410
230 250 237 0.000210548440 0.000996191410 0.000127682085 0.000446427010 0.000125405660 0.000387237200 0.000127682085 0.000446427010 0.000214350110 0.000994450080 0.000127682085 0.000446427010 0.000125405660 0.000387237200 0.000127682085 0.000446427010 0.000210548440 0.000996191410
020 330 205 0.000228857000 0.001082816750 0.000138784875 0.000485246750 0.000136310500 0.000420910000 0.000138784875 0.000485246750 0.000232989250 0.001080924000 0.000138784875 0.000485246750 0.000136310500 0.000420910000 0.000138784875 0.000485246750 0.000228857000 0.001082816750
330 110 201 0.000228857000 0.001082816750 0.000138784875 0.000485246750 0.000136310500 0.000420910000 0.000138784875 0.000485246750 0.000232989250 0.001080924000 0.000138784875 0.000485246750 0.000136310500 0.000420910000 0.000138784875 0.000485246750 0.000228857000 0.001082816750
330 120 191 0.000228857000 0.001082816750 0.000138784875 0.000485246750 0.000136310500 0.000420910000 0.000138784875 0.000485246750 0.000232989250 0.001080924000 0.000138784875 0.000485246750 0.000136310500 0.000420910000 0.000138784875 0.000485246750 0.000228857000 0.001082816750
050 340 197 0.000228857000 0.001082816750 0.000138784875 0.000485246750 0.000136310500 0.000420910000 0.000138784875 0.000485246750 0.000232989250 0.001080924000 0.000138784875 0.000485246750 0.000136310500 0.000420910000 0.000138784875 0.000485246750 0.000228857000 0.001082816750
340 140 199 0.000228857000 0.001082816750 0.000138784875 0.000485246750 0.000136310500 0.000420910000 0.000138784875 0.000485246750 0.000232989250 0.001080924000 0.000138784875 0.000485246750 0.000136310500 0.000420910000 0.000138784875 0.000485246750 0.000228857000 0.001082816750
