% Arquivo com as tensões na subestação (barra 10) para cada simulação de falta
% 	- Os primeiros cinco casos são para a rede equilibrada
% 	- Os útimos cinco casos são para a rede desequilibrada
% <número do caso><Van real [V]><Van imaginário [V]><Vbn real [V]><Vbn imaginário [V]><Vcn real [V]><Vcn imaginário [V]>
% 
Emedido = [ ... 
01 6999.31 -518.68 -3948.84 -5802.24 -3050.46 6320.92 
02 7865.67 -242.09 -4142.49 -6690.82 -3723.18 6932.91 
03 6227.96 -967.47 -3951.83 -4909.84 -2276.13 5877.31 
04 7819.78 -270.32 -4143.99 -6636.97 -3675.79 6907.28 
05 6746.11 -1231.81 -4439.83 -5226.40 -2306.28 6458.21 
06 7671.56 -485.66 -4262.62 -6395.65 -3401.88 6880.02 
07 7703.56 -569.15 -4345.25 -6385.63 -3357.06 6954.27 
08 7709.54 -406.55 -4209.78 -6470.18 -3495.77 6876.08 
09 7668.12 -428.92 -4209.81 -6421.52 -3452.81 6848.92 
10 7635.13 -458.10 -4219.14 -6377.46 -3409.77 6833.56 
];