% Arquivo com as tensões na subestação (barra 10) para cada simulação de falta
% 	- Os primeiros cinco casos são para a rede equilibrada
% 	- Os útimos cinco casos são para a rede desequilibrada
% <número do caso><Van real [V]><Van imaginário [V]><Vbn real [V]><Vbn imaginário [V]><Vcn real [V]><Vcn imaginário [V]>
% 
Emedido = [ ... 
01 7750.27 -398.33 -4220.10 -6512.77 -3530.17 6911.10 
02 7820.33 -313.48 -4181.65 -6615.87 -3638.69 6929.35 
03 7834.20 -271.68 -4152.38 -6648.77 -3681.82 6920.45 
04 7752.27 -370.13 -4196.68 -6528.60 -3555.59 6898.73 
05 7616.50 -485.34 -4228.56 -6353.41 -3387.94 6838.75 
06 7758.91 -382.16 -4212.32 -6526.59 -3544.06 6908.79 
07 7684.68 -410.21 -4203.12 -6444.76 -3475.38 6853.15 
08 7573.27 -751.25 -4441.09 -6178.94 -3126.89 6929.75 
09 7654.22 -446.87 -4218.70 -6400.20 -3429.67 6845.44 
10 7485.31 -783.74 -4428.06 -6083.66 -3048.51 6865.97 
];