% Arquivo com as tensões na subestação (barra 10) para cada simulação de falta
% 	- Os primeiros cinco casos são para a rede equilibrada
% 	- Os útimos cinco casos são para a rede desequilibrada
% <número do caso><Van real [V]><Van imaginário [V]><Vbn real [V]><Vbn imaginário [V]><Vcn real [V]><Vcn imaginário [V]>
% 
Emedido = [ ... 
01 7925.18 -195.43 -4131.84 -6765.70 -3793.35 6961.13 
02 7920.17 -209.38 -4141.42 -6754.38 -3778.76 6963.76 
03 7905.45 -269.62 -4186.22 -6711.51 -3719.23 6981.13 
04 7892.91 -301.71 -4207.75 -6684.61 -3685.17 6986.32 
05 7891.81 -299.81 -4205.54 -6684.60 -3686.26 6984.41 
06 7910.11 -223.70 -4148.79 -6738.50 -3761.32 6962.21 
06 7469.35 -1228.21 -4798.33 -5854.54 -2671.02 7082.75 
07 7854.38 -410.48 -4282.68 -6596.85 -3571.70 7007.33 
08 7862.55 -378.62 -4259.17 -6619.85 -3603.38 6998.47 
09 7875.38 -341.87 -4233.76 -6649.35 -3641.63 6991.21 
10 7647.87 -971.76 -4665.50 -6137.37 -2982.37 7109.13 
];